  80.94,
  80.39,
  79.43,
  78.44,
  77.46,
  76.47,
  75.47,
  74.48,
  73.49,
  72.50,
  71.50,
  70.51,
  69.52,
  68.52,
  67.53,
  66.54,
  65.56,
  64.57,
  63.59,
  62.61,
  61.63,
  60.66,
  59.68,
  58.71,
  57.74,
  56.77,
  55.79,
  54.82,
  53.85,
  52.88,
  51.92,
  50.95,
  49.98,
  49.02,
  48.06,
  47.10,
  46.14,
  45.18,
  44.23,
  43.27,
  42.32,
  41.38,
  40.43,
  39.50,
  38.56,
  37.63,
  36.71,
  35.79,
  34.88,
  33.97,
  33.07,
  32.18,
  31.29,
  30.40,
  29.52,
  28.65,
  27.77,
  26.91,
  26.04,
  25.19,
  24.34,
  23.49,
  22.65,
  21.83,
  21.01,
  20.20,
  19.40,
  18.62,
  17.84,
  17.08,
  16.33,
  15.59,
  14.87,
  14.16,
  13.46,
  12.77,
  12.11,
  11.46,
  10.83,
  10.21,
  9.61,
  9.03,
  8.47,
  7.93,
  7.41,
  6.91,
  6.44,
  5.99,
  5.56,
  5.17,
  4.80,
  4.45,
  4.13,
  3.84,
  3.58,
  3.34,
  3.13,
  2.94,
  2.76,
  2.60,
  2.45,
  2.31,
  2.17,
  2.03,
  1.91,
  1.79,
  1.67,
  1.56,
  1.45,
  1.35,
  1.26,
  1.17,
  1.08,
  1.00,
  0.92,
  0.84,
  0.77,
  0.71,
  0.66,
  0.60,
