  76.10,
  75.62,
  74.65,
  73.67,
  72.69,
  71.70,
  70.71,
  69.72,
  68.73,
  67.74,
  66.74,
  65.75,
  64.76,
  63.76,
  62.78,
  61.80,
  60.82,
  59.86,
  58.90,
  57.95,
  57.00,
  56.06,
  55.13,
  54.20,
  53.27,
  52.34,
  51.41,
  50.48,
  49.55,
  48.62,
  47.68,
  46.75,
  45.82,
  44.88,
  43.95,
  43.02,
  42.08,
  41.15,
  40.22,
  39.30,
  38.37,
  37.45,
  36.53,
  35.62,
  34.72,
  33.82,
  32.93,
  32.05,
  31.17,
  30.31,
  29.45,
  28.60,
  27.76,
  26.93,
  26.10,
  25.29,
  24.48,
  23.69,
  22.90,
  22.12,
  21.34,
  20.57,
  19.81,
  19.05,
  18.30,
  17.57,
  16.84,
  16.13,
  15.43,
  14.75,
  14.07,
  13.40,
  12.75,
  12.12,
  11.49,
  10.89,
  10.30,
  9.72,
  9.17,
  8.63,
  8.10,
  7.60,
  7.11,
  6.65,
  6.21,
  5.78,
  5.38,
  5.00,
  4.64,
  4.30,
  3.99,
  3.70,
  3.44,
  3.20,
  2.98,
  2.79,
  2.62,
  2.47,
  2.34,
  2.22,
  2.10,
  1.99,
  1.88,
  1.78,
  1.68,
  1.59,
  1.50,
  1.41,
  1.32,
  1.24,
  1.17,
  1.09,
  1.02,
  0.95,
  0.89,
  0.83,
  0.77,
  0.71,
  0.66,
  0.60,
